1.000000000000000000e+00 0.000000000000000000e+00 0.000000000000000000e+00 0.000000000000000000e+00 0.000000000000000000e+00 1.000000000000000000e+00 0.000000000000000000e+00 0.000000000000000000e+00 0.000000000000000000e+00 0.000000000000000000e+00 1.000000000000000000e+00 0.000000000000000000e+00 0.000000000000000000e+00 0.000000000000000000e+00 0.000000000000000000e+00 1.000000000000000000e+00

9.885708737870696483e-01 -2.014281442969137470e-02 -1.494051355433292927e-01 9.949257038283740862e-01 2.255312972002338628e-02 9.996411276665473356e-01 1.445587138104490431e-02 3.762551163048812736e-02 1.490603362390591768e-01 -1.766020680525945061e-02 9.886703865575695582e-01 -6.706558907623703936e-02 0.000000000000000000e+00 0.000000000000000000e+00 0.000000000000000000e+00 1.000000000000000000e+00

9.682927471007483078e-01 -7.723778632980952963e-03 -2.496988168888970849e-01 1.766552154977046873e+00 4.497176943476483002e-03 9.998988937889774498e-01 -1.348990730576978860e-02 1.271571037619703172e-02 2.497777638454338478e-01 1.193923964111217977e-02 9.682295818891131223e-01 -1.911374802681425067e-01 0.000000000000000000e+00 0.000000000000000000e+00 0.000000000000000000e+00 1.000000000000000000e+00

9.418481657206199120e-01 -5.984704598400467784e-02 -3.306665447481678677e-01 2.258499200663273587e+00 5.887066614971869088e-02 9.981812706451015371e-01 -1.297673304105809514e-02 1.402062045921340788e-02 3.308417709355819247e-01 -7.244447550983670360e-03 9.436584342779378298e-01 -7.277671611680359975e-02 0.000000000000000000e+00 0.000000000000000000e+00 0.000000000000000000e+00 1.000000000000000000e+00

8.329879752023288120e-01 -6.960073765113573840e-02 -5.488959559759412077e-01 3.639583989863999225e+00 3.953838846702978360e-02 9.970080948684383326e-01 -6.641968536689413227e-02 1.104586357453580803e-01 5.518765704446555453e-01 3.362433769198645145e-02 8.332476552076342191e-01 4.884736448630362382e-01 0.000000000000000000e+00 0.000000000000000000e+00 0.000000000000000000e+00 1.000000000000000000e+00

8.018062236144930521e-01 -5.913164160274077263e-02 -5.946513505697522683e-01 3.981390509595458926e+00 7.931766268343978799e-03 9.960577121940523693e-01 -8.835225556042546058e-02 2.638969370623847621e-01 5.975314777122037180e-01 6.612475285485298893e-02 7.991142910766612095e-01 9.020282182073241506e-01 0.000000000000000000e+00 0.000000000000000000e+00 0.000000000000000000e+00 1.000000000000000000e+00

9.762392172485545583e-01 -2.739617963596754219e-03 -2.166782988657217357e-01 1.963107539521913747e+00 -1.105591506728836534e-02 9.979880788460209207e-01 -6.243045108961807477e-02 9.930047013663056976e-02 2.164133947979061390e-01 6.334263157338686223e-02 9.742448119325058942e-01 1.884383102640012700e-02 0.000000000000000000e+00 0.000000000000000000e+00 0.000000000000000000e+00 1.000000000000000000e+00

3.619171202869899684e-01 -1.025553529654251728e-01 -9.265518860923599442e-01 6.174553461005715782e+00 3.658927016767562351e-02 9.947269986201221492e-01 -9.580930813235413734e-02 1.531171068793129308e-01 9.314919341313533385e-01 7.731716113477254959e-04 3.637611563291085481e-01 3.318153348809897984e+00 0.000000000000000000e+00 0.000000000000000000e+00 0.000000000000000000e+00 1.000000000000000000e+00

7.925536192618276576e-02 -9.102585098754051307e-02 -9.926897209389972110e-01 6.240149561760051533e+00 3.404270203224204344e-02 9.954885302886199439e-01 -8.856455556342945901e-02 1.428936668008678745e-01 9.962728953676768251e-01 -2.677462447538467641e-02 8.199656968378843391e-02 5.035072708954544396e+00 0.000000000000000000e+00 0.000000000000000000e+00 0.000000000000000000e+00 1.000000000000000000e+00

8.015984182628144161e-01 1.443135578310979494e-01 5.801840853252391295e-01 -3.655134696995231636e+00 -5.530147169821857389e-01 5.477418743570354742e-01 6.278165033486733382e-01 -4.187584183633548562e+00 -2.271886851048421918e-01 -8.241070537872929869e-01 5.188765414415656974e-01 1.649987778327255405e-02 0.000000000000000000e+00 0.000000000000000000e+00 0.000000000000000000e+00 1.000000000000000000e+00

-1.938032196466600299e-01 -5.939574691972675513e-01 -7.808039682528293834e-01 4.349950579442809939e+00 -6.778169662763235959e-01 6.564481906014731916e-01 -3.311192131000756378e-01 1.491442764580721558e+00 7.092280819895315780e-01 4.650702074319845725e-01 -5.298162227382445799e-01 3.854694334964239300e+00 0.000000000000000000e+00 0.000000000000000000e+00 0.000000000000000000e+00 1.000000000000000000e+00

