1.000000000000000000e+00 0.000000000000000000e+00 0.000000000000000000e+00 0.000000000000000000e+00 0.000000000000000000e+00 1.000000000000000000e+00 0.000000000000000000e+00 0.000000000000000000e+00 0.000000000000000000e+00 0.000000000000000000e+00 1.000000000000000000e+00 0.000000000000000000e+00 0.000000000000000000e+00 0.000000000000000000e+00 0.000000000000000000e+00 1.000000000000000000e+00

9.876112449908474034e-01 -2.361597447020020307e-02 -1.551332153906802014e-01 9.976014024092902943e-01 2.693312218292302079e-02 9.994506109453850096e-01 1.931536203068153282e-02 7.312254214191093483e-03 1.545918358035371365e-01 -2.325429058731721954e-02 9.877047141085100179e-01 -6.883293433614599832e-02 0.000000000000000000e+00 0.000000000000000000e+00 0.000000000000000000e+00 1.000000000000000000e+00

9.655761212716079678e-01 -1.224413753022117468e-02 -2.598323211731327076e-01 9.948840177751556713e-01 1.058857464967534814e-02 9.999137476000840019e-01 -7.770421304132532105e-03 -1.123604284120658867e-02 2.599050521189714136e-01 4.751679334350606201e-03 9.656224859781064040e-01 -1.003969248375386064e-01 0.000000000000000000e+00 0.000000000000000000e+00 0.000000000000000000e+00 1.000000000000000000e+00

9.026456626983420106e-01 -5.602783658192079380e-02 -4.267220279524137072e-01 9.980486767898462119e-01 4.982569765370944287e-02 9.984273376685294243e-01 -2.569535462790219910e-02 3.027667714720041342e-02 4.274905934230507909e-01 1.932077659436206738e-03 9.040177319116732280e-01 5.460917119826270288e-02 0.000000000000000000e+00 0.000000000000000000e+00 0.000000000000000000e+00 1.000000000000000000e+00

8.078655043394311619e-01 -6.814209721305947154e-02 -5.854143673380445279e-01 9.867145168962982993e-01 3.780469824491324016e-02 9.972394524125700599e-01 -6.390836676436478792e-02 2.483119133820556670e-02 5.881531532594269640e-01 2.949795144215125453e-02 8.082114445933743507e-01 1.605548942973401838e-01 0.000000000000000000e+00 0.000000000000000000e+00 0.000000000000000000e+00 1.000000000000000000e+00

6.805394491121943279e-01 -7.839241277219527460e-02 -7.285057912067858243e-01 9.615868989694216218e-01 4.059013888114357954e-02 9.967668638877442699e-01 -6.934161579456114832e-02 2.532299367012336849e-02 7.315862893929060418e-01 1.761955377257930569e-02 6.815211313651062808e-01 2.733301697982755130e-01 0.000000000000000000e+00 0.000000000000000000e+00 0.000000000000000000e+00 1.000000000000000000e+00

5.393215021022960132e-01 -8.855493994896287968e-02 -8.374307971293857289e-01 9.307849127971462577e-01 3.398479980671190170e-02 9.959340385265130768e-01 -8.342915729148568660e-02 2.688584138987189925e-02 8.414138997854865298e-01 1.653522043715542275e-02 5.401381635589859176e-01 3.645772862397866909e-01 0.000000000000000000e+00 0.000000000000000000e+00 0.000000000000000000e+00 1.000000000000000000e+00

3.704371771750501474e-01 -1.013470733326888584e-01 -9.233120103699936632e-01 8.869960048609719649e-01 2.498901045786783293e-02 9.947573282645034709e-01 -9.916353775659432490e-02 2.929069516979210600e-02 9.285213229231283893e-01 1.366120752223357049e-02 3.710276597318822867e-01 4.608472008563628819e-01 0.000000000000000000e+00 0.000000000000000000e+00 0.000000000000000000e+00 1.000000000000000000e+00

9.829219081741772390e-01 1.586432744305959763e-01 9.325681695818532901e-02 1.719604203915106877e-01 -1.615709016892517003e-01 9.865524273734938010e-01 2.468100019830121727e-02 -3.349132819444379794e-01 -8.808726445154274609e-02 -3.932708381516578089e-02 9.953361313245085995e-01 -9.264246906230318990e-01 0.000000000000000000e+00 0.000000000000000000e+00 0.000000000000000000e+00 1.000000000000000000e+00

8.579570279850908809e-01 4.878121463169875494e-01 1.610870821531136809e-01 1.170672478265989084e-03 -4.688845224760483377e-01 8.717004197337347993e-01 -1.424278161681857002e-01 1.727992237929786012e-01 -2.098976958267956827e-01 4.666570626964069990e-02 9.766090666919685637e-01 9.849563735427538935e-01 0.000000000000000000e+00 0.000000000000000000e+00 0.000000000000000000e+00 1.000000000000000000e+00

2.256426952656872750e-02 9.944116851205461183e-01 1.031322172574994228e-01 -4.756991879768277670e-03 -9.786701206796700747e-01 4.304057958746751456e-02 -2.008788276489461566e-01 -1.061178049179695021e-01 -2.041951239123317441e-01 -9.639973550010692838e-02 9.741721831205903959e-01 -9.943421858231943355e-01 0.000000000000000000e+00 0.000000000000000000e+00 0.000000000000000000e+00 1.000000000000000000e+00

