1.000000000000000000e+00 0.000000000000000000e+00 0.000000000000000000e+00 0.000000000000000000e+00 0.000000000000000000e+00 1.000000000000000000e+00 0.000000000000000000e+00 0.000000000000000000e+00 0.000000000000000000e+00 0.000000000000000000e+00 1.000000000000000000e+00 0.000000000000000000e+00 0.000000000000000000e+00 0.000000000000000000e+00 0.000000000000000000e+00 1.000000000000000000e+00

9.885591192855996967e-01 -2.054217290959073697e-02 -1.494285341206023354e-01 9.953166183586896754e-01 2.297664772250231427e-02 9.996296271548875678e-01 1.458362690199535225e-02 3.532443354257330803e-02 1.490736104638093751e-01 -1.785014415440530286e-02 9.886649741024263749e-01 -6.633271274724350519e-02 0.000000000000000000e+00 0.000000000000000000e+00 0.000000000000000000e+00 1.000000000000000000e+00

9.682893371715627362e-01 -7.657338219173787271e-03 -2.497140858887476889e-01 1.766437575679226102e+00 4.421286964590587058e-03 9.998988612936632325e-01 -1.351737419813580678e-02 1.252386545852912647e-02 2.497923372352170712e-01 1.198467166979832847e-02 9.682252609302933744e-01 -1.921608954364577571e-01 0.000000000000000000e+00 0.000000000000000000e+00 0.000000000000000000e+00 1.000000000000000000e+00

9.417460241499466811e-01 -6.039109225493585059e-02 -3.308584923710192194e-01 2.257391701256903360e+00 5.938943381685925921e-02 9.981483230321012146e-01 -1.314611650324535273e-02 1.423054441608678777e-02 3.310397576556037280e-01 -7.269195585471165469e-03 9.435888075040204104e-01 -8.385972219760784441e-02 0.000000000000000000e+00 0.000000000000000000e+00 0.000000000000000000e+00 1.000000000000000000e+00

8.329646023560006718e-01 -6.979036033865196331e-02 -5.489073481250827946e-01 3.639443480641420425e+00 3.969729844014436432e-02 9.969949855784885351e-01 -6.652159970944454548e-02 1.103836952501709989e-01 5.519004400419189604e-01 3.361999903555289160e-02 8.332320204759209314e-01 4.858932470317292029e-01 0.000000000000000000e+00 0.000000000000000000e+00 0.000000000000000000e+00 1.000000000000000000e+00

8.014044761227742120e-01 -6.574254412416498383e-02 -5.944987666450318731e-01 3.982107574797518534e+00 1.526231890561984342e-02 9.958650722165929281e-01 -8.955344527522918208e-02 2.619674272285036909e-01 5.979280285051078447e-01 6.269510213025042411e-02 7.990941101627970777e-01 9.056439743824453714e-01 0.000000000000000000e+00 0.000000000000000000e+00 0.000000000000000000e+00 1.000000000000000000e+00

9.759409871024374850e-01 -9.050305088215585686e-03 -2.178469225656634312e-01 1.959893766767911494e+00 -4.850322796026432931e-03 9.979897304813738490e-01 -6.318996931862880251e-02 8.551846673097107665e-02 2.179808800383517264e-01 6.272630892635977506e-02 9.739351857830070847e-01 -1.836569530172216247e-02 0.000000000000000000e+00 0.000000000000000000e+00 0.000000000000000000e+00 1.000000000000000000e+00

3.476825429557404701e-01 -9.673237197600109694e-02 -9.326090807705692542e-01 6.178533278709576138e+00 3.058301081015493694e-02 9.953045968744930194e-01 -9.183375681245291300e-02 1.598087874032971811e-01 9.371134023017787529e-01 3.407000498877710282e-03 3.490084004346958313e-01 3.270727448643735880e+00 0.000000000000000000e+00 0.000000000000000000e+00 0.000000000000000000e+00 1.000000000000000000e+00

8.037507384967625124e-02 -8.853121486863961553e-02 -9.928252975713008910e-01 6.240500744156284085e+00 2.789870863930990139e-02 9.958574028500751796e-01 -8.654302539755709400e-02 1.694832726100663767e-01 9.963741815000618507e-01 -2.074264164917481029e-02 8.251201886692588472e-02 5.043864108685865766e+00 0.000000000000000000e+00 0.000000000000000000e+00 0.000000000000000000e+00 1.000000000000000000e+00

7.337658230535950565e-01 2.240570299148350319e-01 6.413939228463445552e-01 -3.238164776254318866e+00 -6.556117484111442240e-01 4.811496803800968114e-01 5.819520774216833114e-01 -4.351885832502008888e+00 -1.782160269553848264e-01 -8.475219362446455573e-01 4.999456123623490233e-01 -6.571082641746395225e-02 0.000000000000000000e+00 0.000000000000000000e+00 0.000000000000000000e+00 1.000000000000000000e+00

-1.947643290848620756e-01 -6.047379419272790324e-01 -7.722427582759727738e-01 4.394847868731988072e+00 -6.808280643957625999e-01 6.501098439005890128e-01 -3.373875184334342858e-01 1.387987960039514634e+00 7.060736525655399998e-01 4.600534886913809629e-01 -5.383407700477891300e-01 3.833326562933825343e+00 0.000000000000000000e+00 0.000000000000000000e+00 0.000000000000000000e+00 1.000000000000000000e+00

